200000 1.6576000000000002E-5 447
220000 1.3377E-5 469
240000 1.5174E-5 490
260000 1.3786000000000002E-5 510
280000 1.4606E-5 529
300000 1.4808000000000001E-5 548
320000 1.5414000000000002E-5 566
340000 1.6469E-5 583
360000 1.5983000000000003E-5 600
380000 1.6937E-5 616
400000 1.699E-5 632
420000 1.7555E-5 648
440000 1.8296000000000002E-5 663
460000 1.7968E-5 678
480000 1.8711E-5 693
500000 1.9541E-5 707
520000 1.9288000000000002E-5 721
540000 1.9739000000000002E-5 735
560000 2.0292E-5 748
580000 2.0658E-5 762
600000 2.0487000000000002E-5 775
620000 2.2462000000000003E-5 787
640000 2.1917E-5 800
660000 2.1815E-5 812
680000 2.15E-5 825
700000 2.2122000000000003E-5 837
720000 2.2968E-5 849
740000 2.3084E-5 860
760000 2.3333000000000002E-5 872
780000 2.3795000000000002E-5 883
800000 2.4116E-5 894
820000 2.3558E-5 906
840000 2.4389000000000003E-5 917
860000 2.4621E-5 927
880000 2.5004000000000003E-5 938
900000 2.5527E-5 949
920000 2.5669E-5 959
940000 2.5952E-5 970
960000 2.6258E-5 980
980000 3.5827E-5 990
1000000 2.6658E-5 1000
1020000 2.7253E-5 1010
1040000 2.8082000000000003E-5 1020
1060000 2.7281000000000002E-5 1030
1080000 2.7812E-5 1039
1100000 2.7725000000000003E-5 1049
1120000 2.8227000000000003E-5 1058
1140000 2.8321000000000002E-5 1068
1160000 2.8663000000000003E-5 1077
1180000 2.9190000000000003E-5 1086
1200000 2.9039E-5 1095
1220000 2.9414000000000003E-5 1105
1240000 2.9536000000000003E-5 1114
1260000 2.9896000000000003E-5 1122
1280000 3.0171000000000003E-5 1131
1300000 3.0944E-5 1140
1320000 3.0291000000000002E-5 1149
1340000 3.0987E-5 1158
1360000 3.1165000000000004E-5 1166
1380000 3.2027000000000004E-5 1175
1400000 3.1254E-5 1183
1420000 3.1691E-5 1192
1440000 3.2314E-5 1200
1460000 3.1906E-5 1208
1480000 3.1938000000000005E-5 1217
1500000 3.2268000000000003E-5 1225
1520000 3.2921E-5 1233
1540000 3.3064E-5 1241
1560000 3.3449000000000004E-5 1249
1580000 3.3517000000000005E-5 1257
1600000 3.3357E-5 1265
1620000 3.3979E-5 1273
1640000 3.3814000000000005E-5 1281
1660000 3.4181000000000004E-5 1288
1680000 3.4004E-5 1296
1700000 3.4967E-5 1304
1720000 3.4333000000000005E-5 1311
1740000 3.4791E-5 1319
1760000 3.525E-5 1327
1780000 3.5182E-5 1334
1800000 3.5229000000000004E-5 1342
1820000 3.5564E-5 1349
1840000 3.5816000000000004E-5 1356
1860000 3.5827E-5 1364
1880000 3.5958000000000004E-5 1371
1900000 3.6669000000000004E-5 1378
1920000 3.8814000000000005E-5 1386
1940000 3.6846E-5 1393
1960000 3.7374000000000005E-5 1400
1980000 3.6946E-5 1407
2000000 3.7374000000000005E-5 1414
2020000 3.7685E-5 1421
2040000 5.5826000000000004E-5 1428
2060000 3.8205000000000004E-5 1435
2080000 3.7756E-5 1442
2100000 3.8251000000000004E-5 1449
2120000 3.8687000000000004E-5 1456
2140000 3.8265E-5 1463
2160000 3.9007E-5 1470
2180000 3.8499000000000005E-5 1476
2200000 3.9151000000000005E-5 1483
2220000 3.905E-5 1490
2240000 3.9698000000000005E-5 1497
2260000 3.9172000000000004E-5 1503
2280000 3.9658000000000006E-5 1510
2300000 3.9766000000000005E-5 1517
2320000 4.007E-5 1523
2340000 3.9874000000000005E-5 1530
2360000 4.0491E-5 1536
2380000 4.0106000000000005E-5 1543
2400000 4.7300000000000005E-5 1549
2420000 4.2627000000000004E-5 1556
2440000 4.3291E-5 1562
2460000 4.265E-5 1568
2480000 1.29242E-4 1575
2500000 1.56772E-4 1581
2520000 4.6054E-5 1587
2540000 7.678700000000001E-5 1594
2560000 6.2180000000000004E-6 1600
2580000 6.1400000000000005E-6 1606
2600000 7.1950000000000006E-6 1612
2620000 6.156E-6 1619
2640000 6.198000000000001E-6 1625
2660000 6.368000000000001E-6 1631
2680000 6.309E-6 1637
2700000 7.579000000000001E-6 1643
2720000 6.674000000000001E-6 1649
2740000 6.724E-6 1655
2760000 6.413E-6 1661
2780000 6.477E-6 1667
2800000 8.643E-6 1673
2820000 6.4170000000000006E-6 1679
2840000 6.28E-6 1685
2860000 6.261000000000001E-6 1691
2880000 6.508E-6 1697
2900000 2.2581000000000003E-5 1703
2920000 6.730000000000001E-6 1709
2940000 6.479E-6 1715
2960000 6.2420000000000005E-6 1720
2980000 6.559E-6 1726
3000000 7.661E-6 1732
3020000 6.606000000000001E-6 1738
3040000 6.358000000000001E-6 1744
3060000 6.645000000000001E-6 1749
3080000 7.702E-6 1755
3100000 6.749E-6 1761
3120000 6.605E-6 1766
3140000 6.856E-6 1772
3160000 6.628000000000001E-6 1778
3180000 8.375E-6 1783
3200000 6.783E-6 1789
3220000 6.705E-6 1794
3240000 6.779000000000001E-6 1800
3260000 6.863E-6 1806
3280000 7.71E-6 1811
3300000 6.733000000000001E-6 1817
3320000 6.8890000000000004E-6 1822
3340000 7.080000000000001E-6 1828
3360000 7.621E-6 1833
3380000 6.8960000000000006E-6 1838
3400000 6.9860000000000005E-6 1844
3420000 7.289000000000001E-6 1849
3440000 6.9060000000000005E-6 1855
3460000 7.966000000000001E-6 1860
3480000 7.25E-6 1865
3500000 6.785E-6 1871
3520000 7.088000000000001E-6 1876
3540000 7.974E-6 1881
3560000 6.848E-6 1887
3580000 7.0640000000000005E-6 1892
3600000 7.032000000000001E-6 1897
3620000 7.928000000000001E-6 1903
3640000 6.902E-6 1908
3660000 6.875E-6 1913
3680000 7.121E-6 1918
3700000 7.263000000000001E-6 1924
3720000 8.213E-6 1929
3740000 7.213E-6 1934
3760000 7.163000000000001E-6 1939
3780000 7.338000000000001E-6 1944
3800000 8.417000000000001E-6 1949
3820000 7.247E-6 1954
3840000 7.49E-6 1960
3860000 7.291E-6 1965
3880000 8.171E-6 1970
3900000 7.568E-6 1975
3920000 7.546E-6 1980
3940000 7.4190000000000005E-6 1985
3960000 8.247E-6 1990
3980000 7.836000000000001E-6 1995
4000000 4.4415E-5 2000
4020000 7.523000000000001E-6 2005
4040000 8.145E-6 2010
4060000 7.481000000000001E-6 2015
4080000 7.734E-6 2020
4100000 7.672E-6 2025
4120000 8.112000000000001E-6 2030
4140000 7.789000000000001E-6 2035
4160000 7.532E-6 2040
4180000 8.041E-6 2045
4200000 8.503E-6 2049
4220000 7.877000000000001E-6 2054
4240000 8.631000000000001E-6 2059
4260000 8.427E-6 2064
4280000 6.416E-6 2069
4300000 7.04E-6 2074
4320000 7.557000000000001E-6 2078
4340000 5.56E-6 2083
4360000 8.82E-6 2088
4380000 9.767E-6 2093
4400000 5.494E-6 2098
4420000 5.604E-6 2102
4440000 6.3320000000000005E-6 2107
4460000 5.594E-6 2112
4480000 5.6730000000000006E-6 2117
4500000 5.621E-6 2121
4520000 6.203000000000001E-6 2126
4540000 5.566000000000001E-6 2131
4560000 5.5880000000000005E-6 2135
4580000 5.616E-6 2140
4600000 6.0160000000000005E-6 2145
4620000 5.702000000000001E-6 2149
4640000 5.646000000000001E-6 2154
4660000 5.637E-6 2159
4680000 6.16E-6 2163
4700000 5.827E-6 2168
4720000 5.698E-6 2173
4740000 6.181000000000001E-6 2177
4760000 5.847E-6 2182
4780000 5.745E-6 2186
4800000 5.8410000000000005E-6 2191
4820000 6.227000000000001E-6 2195
4840000 6.122E-6 2200
4860000 5.806E-6 2205
4880000 5.738E-6 2209
4900000 0.012121448 2214
4920000 6.001000000000001E-6 2218
4940000 5.813E-6 2223
4960000 5.818E-6 2227
4980000 4.7391E-5 2232
5000000 5.876E-6 2236
5020000 5.8870000000000006E-6 2241
5040000 5.833000000000001E-6 2245
5060000 4.2122E-5 2249
5080000 5.935000000000001E-6 2254
5100000 5.937E-6 2258
5120000 5.971E-6 2263
5140000 3.8927E-5 2267
5160000 5.855000000000001E-6 2272
5180000 6.07E-6 2276
5200000 2.622E-6 2280
5220000 2.395E-6 2285
5240000 2.477E-6 2289
5260000 2.5640000000000004E-6 2293
5280000 2.447E-6 2298
5300000 2.6360000000000003E-6 2302
5320000 2.4230000000000003E-6 2307
5340000 2.56E-6 2311
5360000 3.0870000000000003E-6 2315
5380000 4.355000000000001E-6 2319
5400000 3.95E-6 2324
5420000 2.432E-6 2328
5440000 2.404E-6 2332
5460000 2.5340000000000002E-6 2337
5480000 2.508E-6 2341
5500000 2.409E-6 2345
5520000 2.514E-6 2349
5540000 2.578E-6 2354
5560000 2.571E-6 2358
5580000 2.5800000000000003E-6 2362
5600000 2.579E-6 2366
5620000 2.426E-6 2371
5640000 2.4110000000000003E-6 2375
5660000 2.446E-6 2379
5680000 2.5750000000000003E-6 2383
5700000 2.4570000000000004E-6 2387
5720000 2.466E-6 2392
5740000 2.576E-6 2396
5760000 2.441E-6 2400
5780000 2.482E-6 2404
5800000 2.4500000000000003E-6 2408
5820000 2.5630000000000003E-6 2412
5840000 2.5800000000000003E-6 2417
5860000 2.448E-6 2421
5880000 2.486E-6 2425
5900000 2.5740000000000003E-6 2429
5920000 2.5860000000000003E-6 2433
5940000 2.696E-6 2437
5960000 2.4960000000000003E-6 2441
5980000 2.623E-6 2445
6000000 2.5020000000000004E-6 2449
6020000 2.639E-6 2454
6040000 2.498E-6 2458
6060000 2.6140000000000003E-6 2462
6080000 2.697E-6 2466
6100000 2.515E-6 2470
6120000 2.508E-6 2474
6140000 2.632E-6 2478
6160000 2.5360000000000004E-6 2482
6180000 2.649E-6 2486
6200000 2.661E-6 2490
6220000 2.4790000000000003E-6 2494
6240000 2.6300000000000002E-6 2498
6260000 2.5400000000000002E-6 2502
6280000 2.68E-6 2506
6300000 2.661E-6 2510
6320000 2.717E-6 2514
6340000 2.7270000000000003E-6 2518
6360000 2.7330000000000003E-6 2522
6380000 2.7210000000000003E-6 2526
6400000 2.4900000000000003E-6 2530
6420000 2.729E-6 2534
6440000 2.5520000000000003E-6 2538
6460000 2.7490000000000003E-6 2542
6480000 2.532E-6 2546
6500000 2.5920000000000003E-6 2550
6520000 2.7780000000000003E-6 2553
6540000 2.764E-6 2557
6560000 2.5970000000000003E-6 2561
6580000 2.723E-6 2565
6600000 2.589E-6 2569
6620000 2.7540000000000002E-6 2573
6640000 2.601E-6 2577
6660000 2.7560000000000004E-6 2581
6680000 2.7380000000000003E-6 2585
6700000 2.7430000000000002E-6 2588
6720000 2.604E-6 2592
6740000 2.6030000000000003E-6 2596
6760000 2.5920000000000003E-6 2600
6780000 2.736E-6 2604
6800000 2.7950000000000003E-6 2608
6820000 2.7380000000000003E-6 2612
6840000 2.627E-6 2615
6860000 2.6190000000000003E-6 2619
6880000 2.793E-6 2623
6900000 2.652E-6 2627
6920000 2.7890000000000003E-6 2631
6940000 2.769E-6 2634
6960000 2.796E-6 2638
6980000 2.6590000000000003E-6 2642
7000000 2.858E-6 2646
7020000 2.655E-6 2650
7040000 2.791E-6 2653
7060000 2.652E-6 2657
7080000 2.779E-6 2661
7100000 2.673E-6 2665
7120000 2.802E-6 2668
7140000 2.798E-6 2672
7160000 2.629E-6 2676
7180000 2.655E-6 2680
7200000 2.672E-6 2683
7220000 2.8950000000000002E-6 2687
7240000 2.6990000000000003E-6 2691
7260000 2.6920000000000002E-6 2694
7280000 2.8230000000000003E-6 2698
7300000 2.7200000000000002E-6 2702
7320000 2.719E-6 2706
7340000 2.916E-6 2709
7360000 2.674E-6 2713
7380000 2.849E-6 2717
7400000 2.7160000000000003E-6 2720
7420000 2.8630000000000004E-6 2724
7440000 2.751E-6 2728
7460000 2.7270000000000003E-6 2731
7480000 2.8630000000000004E-6 2735
7500000 2.898E-6 2739
7520000 2.717E-6 2742
7540000 2.852E-6 2746
7560000 2.938E-6 2750
7580000 2.742E-6 2753
7600000 2.745E-6 2757
7620000 2.731E-6 2760
7640000 2.7440000000000003E-6 2764
7660000 2.7560000000000004E-6 2768
7680000 2.898E-6 2771
7700000 2.7770000000000003E-6 2775
7720000 2.903E-6 2778
7740000 2.7610000000000003E-6 2782
7760000 2.9080000000000004E-6 2786
7780000 2.9080000000000004E-6 2789
7800000 2.9530000000000004E-6 2793
7820000 2.7840000000000004E-6 2796
7840000 2.78E-6 2800
7860000 3.153E-6 2804
7880000 2.8010000000000004E-6 2807
7900000 2.791E-6 2811
7920000 2.728E-6 2814
7940000 2.803E-6 2818
7960000 2.813E-6 2821
7980000 2.949E-6 2825
8000000 2.9680000000000002E-6 2828
8020000 2.9580000000000003E-6 2832
8040000 2.7890000000000003E-6 2835
8060000 2.8230000000000003E-6 2839
8080000 2.8060000000000003E-6 2843
8100000 3.012E-6 2846
8120000 2.827E-6 2850
8140000 3.0020000000000002E-6 2853
8160000 2.8500000000000002E-6 2857
8180000 2.8450000000000003E-6 2860
8200000 3.0200000000000003E-6 2864
8220000 3.035E-6 2867
8240000 2.875E-6 2871
8260000 2.8630000000000004E-6 2874
8280000 2.854E-6 2877
8300000 2.894E-6 2881
8320000 2.837E-6 2884
8340000 2.8780000000000002E-6 2888
8360000 2.8800000000000004E-6 2891
8380000 3.018E-6 2895
8400000 2.875E-6 2898
8420000 2.8950000000000002E-6 2902
8440000 2.8960000000000003E-6 2905
8460000 2.911E-6 2909
8480000 3.056E-6 2912
8500000 2.9080000000000004E-6 2915
8520000 2.8440000000000002E-6 2919
8540000 3.0720000000000004E-6 2922
8560000 2.8970000000000004E-6 2926
8580000 2.911E-6 2929
8600000 3.14E-6 2933
8620000 3.114E-6 2936
8640000 2.91E-6 2939
8660000 2.949E-6 2943
8680000 2.9420000000000004E-6 2946
8700000 3.086E-6 2950
8720000 3.108E-6 2953
8740000 2.9420000000000004E-6 2956
8760000 3.086E-6 2960
8780000 2.932E-6 2963
8800000 3.101E-6 2966
8820000 2.962E-6 2970
8840000 3.1600000000000002E-6 2973
8860000 2.9520000000000003E-6 2977
8880000 2.989E-6 2980
8900000 3.165E-6 2983
8920000 3.106E-6 2987
8940000 2.9930000000000004E-6 2990
8960000 2.9690000000000003E-6 2993
8980000 3.137E-6 2997
9000000 3.13E-6 3000
9020000 2.9130000000000003E-6 3003
9040000 3.1710000000000002E-6 3007
9060000 2.979E-6 3010
9080000 3.124E-6 3013
9100000 3.1150000000000002E-6 3017
9120000 3.208E-6 3020
9140000 3.146E-6 3023
9160000 3.152E-6 3027
9180000 3.005E-6 3030
9200000 3.1620000000000004E-6 3033
9220000 3.1660000000000003E-6 3036
9240000 3.181E-6 3040
9260000 2.9810000000000003E-6 3043
9280000 3.2170000000000003E-6 3046
9300000 3.204E-6 3050
9320000 3.186E-6 3053
9340000 3.21E-6 3056
9360000 3.0260000000000003E-6 3059
9380000 3.1660000000000003E-6 3063
9400000 3.182E-6 3066
9420000 3.2000000000000003E-6 3069
9440000 3.018E-6 3072
9460000 3.0260000000000003E-6 3076
9480000 3.193E-6 3079
9500000 3.2630000000000004E-6 3082
9520000 1.2011E-5 3085
9540000 3.029E-6 3089
9560000 2.943E-6 3092
9580000 3.068E-6 3095
9600000 3.23E-6 3098
9620000 3.249E-6 3102
9640000 3.221E-6 3105
9660000 3.1950000000000003E-6 3108
9680000 3.0490000000000004E-6 3111
9700000 2.939E-6 3114
9720000 3.046E-6 3118
9740000 3.265E-6 3121
9760000 3.051E-6 3124
9780000 3.084E-6 3127
9800000 3.041E-6 3130
9820000 3.001E-6 3134
9840000 3.2580000000000004E-6 3137
9860000 3.2690000000000004E-6 3140
9880000 3.294E-6 3143
9900000 3.0930000000000003E-6 3146
9920000 3.09E-6 3150
9940000 3.1210000000000003E-6 3153
9960000 3.3E-6 3156
9980000 3.091E-6 3159
