200000 0.0014454000000000001 100000
220000 3.55144E-4 110000
240000 3.23119E-4 120000
260000 3.87632E-4 130000
280000 2.48334E-4 140000
300000 2.53115E-4 150000
320000 9.613E-5 160000
340000 1.2009000000000001E-4 170000
360000 1.09116E-4 180000
380000 1.1336400000000001E-4 190000
400000 1.2005300000000001E-4 200000
420000 1.2701500000000002E-4 210000
440000 1.4159600000000002E-4 220000
460000 1.4796E-4 230000
480000 1.4374E-4 240000
500000 1.49275E-4 250000
520000 1.55531E-4 260000
540000 1.73191E-4 270000
560000 1.8004000000000002E-4 280000
580000 1.7363E-4 290000
600000 1.79518E-4 300000
620000 1.9934E-4 310000
640000 1.9156000000000002E-4 320000
660000 1.9735800000000002E-4 330000
680000 2.1849300000000002E-4 340000
700000 2.24827E-4 350000
720000 2.2164300000000002E-4 360000
740000 2.2137600000000002E-4 370000
760000 2.2727400000000002E-4 380000
780000 2.50693E-4 390000
800000 2.46319E-4 400000
820000 2.4525400000000003E-4 410000
840000 2.51263E-4 420000
860000 2.75636E-4 430000
880000 2.85611E-4 440000
900000 2.67831E-4 450000
920000 2.95667E-4 460000
940000 2.8106800000000004E-4 470000
960000 2.8702E-4 480000
980000 3.14384E-4 490000
1000000 2.9943900000000003E-4 500000
1020000 3.0492800000000005E-4 510000
1040000 3.11007E-4 520000
1060000 3.25473E-4 530000
1080000 3.2309600000000004E-4 540000
1100000 3.41169E-4 550000
1120000 3.34769E-4 560000
1140000 3.65209E-4 570000
1160000 3.4606800000000005E-4 580000
1180000 3.5264700000000004E-4 590000
1200000 3.8774400000000003E-4 600000
1220000 3.8991400000000005E-4 610000
1240000 3.98489E-4 620000
1260000 3.76726E-4 630000
1280000 3.82472E-4 640000
1300000 3.8836100000000004E-4 650000
1320000 3.9451700000000004E-4 660000
1340000 4.2841200000000003E-4 670000
1360000 4.2993E-4 680000
1380000 4.12515E-4 690000
1400000 4.2448400000000004E-4 700000
1420000 4.24435E-4 710000
1440000 4.3115000000000004E-4 720000
1460000 4.6748700000000005E-4 730000
1480000 4.7397700000000005E-4 740000
1500000 4.81512E-4 750000
1520000 4.8784500000000004E-4 760000
1540000 4.6017800000000005E-4 770000
1560000 4.7224400000000003E-4 780000
1580000 4.87651E-4 790000
1600000 4.7836900000000003E-4 800000
1620000 4.8413000000000004E-4 810000
1640000 5.107050000000001E-4 820000
1660000 4.9589E-4 830000
1680000 5.39526E-4 840000
1700000 5.43845E-4 850000
1720000 5.52229E-4 860000
1740000 5.29167E-4 870000
1760000 5.25862E-4 880000
1780000 5.31537E-4 890000
1800000 5.76336E-4 900000
1820000 5.46675E-4 910000
1840000 5.849890000000001E-4 920000
1860000 5.54181E-4 930000
1880000 5.86799E-4 940000
1900000 5.768640000000001E-4 950000
1920000 5.74211E-4 960000
1940000 5.79686E-4 970000
1960000 5.87797E-4 980000
1980000 6.32425E-4 990000
2000000 5.975230000000001E-4 1000000
2020000 6.03653E-4 1010000
2040000 6.21689E-4 1020000
2060000 6.347600000000001E-4 1030000
2080000 6.567490000000001E-4 1040000
2100000 6.508730000000001E-4 1050000
2120000 6.33527E-4 1060000
2140000 6.51668E-4 1070000
2160000 6.415910000000001E-4 1080000
2180000 6.51389E-4 1090000
2200000 6.669190000000001E-4 1100000
2220000 6.68837E-4 1110000
2240000 6.69243E-4 1120000
2260000 7.34701E-4 1130000
2280000 6.813640000000001E-4 1140000
2300000 7.43446E-4 1150000
2320000 7.195610000000001E-4 1160000
2340000 7.084260000000001E-4 1170000
2360000 7.051500000000001E-4 1180000
2380000 7.28564E-4 1190000
2400000 7.681550000000001E-4 1200000
2420000 7.764120000000001E-4 1210000
2440000 7.34513E-4 1220000
2460000 7.534330000000001E-4 1230000
2480000 7.40685E-4 1240000
2500000 7.470150000000001E-4 1250000
2520000 7.52625E-4 1260000
2540000 8.05295E-4 1270000
2560000 7.834890000000001E-4 1280000
2580000 7.670390000000001E-4 1290000
2600000 8.213640000000001E-4 1300000
2620000 8.348050000000001E-4 1310000
2640000 7.938750000000001E-4 1320000
2660000 8.320030000000001E-4 1330000
2680000 8.605E-4 1340000
2700000 8.6538E-4 1350000
2720000 8.445620000000001E-4 1360000
2740000 8.36269E-4 1370000
2760000 8.24031E-4 1380000
2780000 8.285710000000001E-4 1390000
2800000 8.364650000000001E-4 1400000
2820000 8.90948E-4 1410000
2840000 8.478170000000001E-4 1420000
2860000 8.52443E-4 1430000
2880000 8.60423E-4 1440000
2900000 9.16682E-4 1450000
2920000 9.4466E-4 1460000
2940000 8.777230000000001E-4 1470000
2960000 9.354830000000001E-4 1480000
2980000 8.956330000000001E-4 1490000
3000000 8.964190000000001E-4 1500000
3020000 9.60523E-4 1510000
3040000 9.764190000000001E-4 1520000
3060000 9.25129E-4 1530000
3080000 9.80872E-4 1540000
3100000 9.94895E-4 1550000
3120000 9.32022E-4 1560000
3140000 9.648360000000001E-4 1570000
3160000 9.49142E-4 1580000
3180000 9.49762E-4 1590000
3200000 0.001005786 1600000
3220000 9.983400000000001E-4 1610000
3240000 9.83037E-4 1620000
3260000 9.734160000000001E-4 1630000
3280000 0.001052674 1640000
3300000 0.001046953 1650000
3320000 0.0010630050000000001 1660000
3340000 0.0010152 1670000
3360000 0.001002849 1680000
3380000 0.001020335 1690000
3400000 0.0011262380000000001 1700000
3420000 0.001264436 1710000
3440000 0.001235173 1720000
3460000 0.001238041 1730000
3480000 0.001086181 1740000
3500000 0.001064248 1750000
3520000 0.0010620850000000002 1760000
3540000 0.0010575810000000001 1770000
3560000 0.00111578 1780000
3580000 0.0010670270000000001 1790000
3600000 0.001096663 1800000
3620000 0.0011656070000000001 1810000
3640000 0.0011684570000000001 1820000
3660000 0.001172641 1830000
3680000 0.001127291 1840000
3700000 0.001105648 1850000
3720000 0.001111087 1860000
3740000 0.001123246 1870000
3760000 0.0011231330000000001 1880000
3780000 0.001215781 1890000
3800000 0.001182969 1900000
3820000 0.0012367790000000001 1910000
3840000 0.001231969 1920000
3860000 0.0011729870000000001 1930000
3880000 0.001154749 1940000
3900000 0.001202148 1950000
3920000 0.0012031510000000002 1960000
3940000 0.0011822920000000002 1970000
3960000 0.001275125 1980000
3980000 0.001188906 1990000
4000000 0.0012534150000000001 2000000
4020000 0.0012314960000000001 2010000
4040000 0.0012226770000000001 2020000
4060000 0.001255353 2030000
4080000 0.001282869 2040000
4100000 0.0012186990000000002 2050000
4120000 0.001310166 2060000
4140000 0.001272988 2070000
4160000 0.00127672 2080000
4180000 0.00125442 2090000
4200000 0.0013082690000000001 2100000
4220000 0.001358386 2110000
4240000 0.001325999 2120000
4260000 0.001271833 2130000
4280000 0.001376835 2140000
4300000 0.00128756 2150000
4320000 0.001337323 2160000
4340000 0.001391885 2170000
4360000 0.001340782 2180000
4380000 0.001307786 2190000
4400000 0.0013541690000000001 2200000
4420000 0.0013648240000000002 2210000
4440000 0.0013263460000000002 2220000
4460000 0.001345038 2230000
4480000 0.001344094 2240000
4500000 0.0014402940000000002 2250000
4520000 0.001348622 2260000
4540000 0.0013803670000000002 2270000
4560000 0.001458352 2280000
4580000 0.0014443820000000001 2290000
4600000 0.0013892050000000001 2300000
4620000 0.001389908 2310000
4640000 0.0014116950000000001 2320000
4660000 0.001388469 2330000
4680000 0.0014051880000000001 2340000
4700000 0.0014607440000000001 2350000
4720000 0.001518197 2360000
4740000 0.0014962740000000001 2370000
4760000 0.0014257520000000002 2380000
4780000 0.0014256750000000002 2390000
4800000 0.00153848 2400000
4820000 0.001479409 2410000
4840000 0.0015024480000000002 2420000
4860000 0.0015317290000000001 2430000
4880000 0.0015160050000000002 2440000
4900000 0.001522333 2450000
4920000 0.001546899 2460000
4940000 0.0015211060000000002 2470000
4960000 0.001584757 2480000
4980000 0.001546152 2490000
5000000 0.0015507650000000002 2500000
5020000 0.0015415210000000001 2510000
5040000 0.0016169930000000002 2520000
5060000 0.0015311620000000002 2530000
5080000 0.001610866 2540000
5100000 0.0015396110000000002 2550000
5120000 0.001585587 2560000
5140000 0.001563298 2570000
5160000 0.0015913860000000002 2580000
5180000 0.001574731 2590000
5200000 0.001588599 2600000
5220000 0.0016016230000000002 2610000
5240000 0.00161089 2620000
5260000 0.0016144010000000001 2630000
5280000 0.0016146270000000002 2640000
5300000 0.001640046 2650000
5320000 0.0016072920000000002 2660000
5340000 0.0016446140000000002 2670000
5360000 0.0016728650000000002 2680000
5380000 0.0016432830000000002 2690000
5400000 0.0016978330000000002 2700000
5420000 0.0016903570000000002 2710000
5440000 0.0016685390000000001 2720000
5460000 0.0016982850000000001 2730000
5480000 0.0016928910000000002 2740000
5500000 0.0016759790000000002 2750000
5520000 0.001735978 2760000
5540000 0.001695417 2770000
5560000 0.001698684 2780000
5580000 0.0017784500000000002 2790000
5600000 0.001764111 2800000
5620000 0.0017056550000000001 2810000
5640000 0.001795371 2820000
5660000 0.001733509 2830000
5680000 0.001769146 2840000
5700000 0.0017781810000000002 2850000
5720000 0.0017786210000000002 2860000
5740000 0.0018243570000000002 2870000
5760000 0.001813369 2880000
5780000 0.001761469 2890000
5800000 0.001812793 2900000
5820000 0.001785546 2910000
5840000 0.0018140410000000002 2920000
5860000 0.001789774 2930000
5880000 0.0017939120000000002 2940000
5900000 0.001831507 2950000
5920000 0.0018470700000000001 2960000
5940000 0.001840325 2970000
5960000 0.001853653 2980000
5980000 0.0018597020000000002 2990000
6000000 0.0018804310000000001 3000000
6020000 0.00185982 3010000
6040000 0.0018940250000000001 3020000
6060000 0.0018945330000000001 3030000
6080000 0.0018549670000000001 3040000
6100000 0.0018954380000000002 3050000
6120000 0.001928716 3060000
6140000 0.001909838 3070000
6160000 0.0018971080000000002 3080000
6180000 0.001937937 3090000
6200000 0.0019327550000000002 3100000
6220000 0.001895914 3110000
6240000 0.0020055470000000003 3120000
6260000 0.0019342550000000002 3130000
6280000 0.0020170960000000003 3140000
6300000 0.0019782560000000003 3150000
6320000 0.0019107800000000002 3160000
6340000 0.0019759250000000003 3170000
6360000 0.001954066 3180000
6380000 0.002013024 3190000
6400000 0.001964326 3200000
6420000 0.001972938 3210000
6440000 0.0019729590000000003 3220000
6460000 0.0019426600000000001 3230000
6480000 0.001997308 3240000
6500000 0.002002465 3250000
6520000 0.001987271 3260000
6540000 0.002083361 3270000
6560000 0.0020357350000000003 3280000
6580000 0.002018483 3290000
6600000 0.002040454 3300000
6620000 0.00212312 3310000
6640000 0.002075359 3320000
6660000 0.0019857720000000002 3330000
6680000 0.002119703 3340000
6700000 0.00212137 3350000
6720000 0.0020140920000000003 3360000
6740000 0.002102192 3370000
6760000 0.002171718 3380000
6780000 0.002029667 3390000
6800000 0.002185598 3400000
6820000 0.002074388 3410000
6840000 0.002072928 3420000
6860000 0.002193046 3430000
6880000 0.002225557 3440000
6900000 0.002133616 3450000
6920000 0.002082066 3460000
6940000 0.002117972 3470000
6960000 0.00222418 3480000
6980000 0.002141496 3490000
7000000 0.002081044 3500000
7020000 0.002215045 3510000
7040000 0.0021677800000000002 3520000
7060000 0.002175499 3530000
7080000 0.0021972750000000003 3540000
7100000 0.002209253 3550000
7120000 0.00222887 3560000
7140000 0.002313402 3570000
7160000 0.0021971200000000003 3580000
7180000 0.0021751310000000003 3590000
7200000 0.002252337 3600000
7220000 0.002248113 3610000
7240000 0.002257653 3620000
7260000 0.002209833 3630000
7280000 0.0023195060000000003 3640000
7300000 0.0022642720000000003 3650000
7320000 0.0022760560000000003 3660000
7340000 0.002268871 3670000
7360000 0.0023060520000000003 3680000
7380000 0.002276606 3690000
7400000 0.0022628590000000003 3700000
7420000 0.0022746560000000003 3710000
7440000 0.0023201940000000002 3720000
7460000 0.0023320330000000003 3730000
7480000 0.0023527820000000003 3740000
7500000 0.002290345 3750000
7520000 0.002362762 3760000
7540000 0.002367549 3770000
7560000 0.002291097 3780000
7580000 0.002326072 3790000
7600000 0.002346444 3800000
7620000 0.002358719 3810000
7640000 0.0023472470000000002 3820000
7660000 0.002453226 3830000
7680000 0.0023309750000000003 3840000
7700000 0.0023637600000000003 3850000
7720000 0.0023674110000000003 3860000
7740000 0.002397971 3870000
7760000 0.0024057970000000003 3880000
7780000 0.002361679 3890000
7800000 0.002403347 3900000
7820000 0.002402983 3910000
7840000 0.0024030790000000002 3920000
7860000 0.0023811310000000003 3930000
7880000 0.002442201 3940000
7900000 0.002495588 3950000
7920000 0.0024632210000000002 3960000
7940000 0.0024245200000000003 3970000
7960000 0.0024999180000000003 3980000
7980000 0.0024993240000000003 3990000
8000000 0.0024542770000000004 4000000
8020000 0.0024822100000000003 4010000
8040000 0.002455357 4020000
8060000 0.002484005 4030000
8080000 0.0024425830000000003 4040000
8100000 0.0024945500000000003 4050000
8120000 0.0025641070000000004 4060000
8140000 0.0025358660000000003 4070000
8160000 0.002516912 4080000
8180000 0.0025331670000000002 4090000
8200000 0.002502077 4100000
8220000 0.00253777 4110000
8240000 0.0025248740000000003 4120000
8260000 0.0025054070000000003 4130000
8280000 0.0025399330000000003 4140000
8300000 0.0025789610000000003 4150000
8320000 0.0025609670000000004 4160000
8340000 0.002544853 4170000
8360000 0.00254658 4180000
8380000 0.002655227 4190000
8400000 0.002617547 4200000
8420000 0.0026015860000000003 4210000
8440000 0.00260728 4220000
8460000 0.002649479 4230000
8480000 0.002655878 4240000
8500000 0.0025890320000000002 4250000
8520000 0.002610273 4260000
8540000 0.002614122 4270000
8560000 0.0026127710000000003 4280000
8580000 0.002650626 4290000
8600000 0.002656213 4300000
8620000 0.0026038240000000002 4310000
8640000 0.0026906290000000004 4320000
8660000 0.002652835 4330000
8680000 0.002693013 4340000
8700000 0.002766933 4350000
8720000 0.002663603 4360000
8740000 0.002678914 4370000
8760000 0.0026905930000000002 4380000
8780000 0.0027159790000000003 4390000
8800000 0.002769847 4400000
8820000 0.0027143830000000003 4410000
8840000 0.0027644590000000004 4420000
8860000 0.002720866 4430000
8880000 0.002730431 4440000
8900000 0.0027757380000000003 4450000
8920000 0.0027459570000000003 4460000
8940000 0.0027290450000000003 4470000
8960000 0.0027257 4480000
8980000 0.002769896 4490000
9000000 0.002819976 4500000
9020000 0.0027911980000000004 4510000
9040000 0.002823008 4520000
9060000 0.002806901 4530000
9080000 0.0027786380000000004 4540000
9100000 0.0028413460000000002 4550000
9120000 0.00281517 4560000
9140000 0.0028363380000000003 4570000
9160000 0.002834764 4580000
9180000 0.002831657 4590000
9200000 0.002814968 4600000
9220000 0.002842214 4610000
9240000 0.00285934 4620000
9260000 0.0028949500000000003 4630000
9280000 0.0028765030000000003 4640000
9300000 0.002852388 4650000
9320000 0.002858054 4660000
9340000 0.002855812 4670000
9360000 0.002875948 4680000
9380000 0.0028778690000000003 4690000
9400000 0.002885125 4700000
9420000 0.002981782 4710000
9440000 0.0029837410000000003 4720000
9460000 0.002938726 4730000
9480000 0.002924166 4740000
9500000 0.002966251 4750000
9520000 0.00292099 4760000
9540000 0.0029608990000000003 4770000
9560000 0.00296478 4780000
9580000 0.0029322050000000002 4790000
9600000 0.0029222130000000003 4800000
9620000 0.0029662200000000003 4810000
9640000 0.002992513 4820000
9660000 0.002961665 4830000
9680000 0.002999798 4840000
9700000 0.003064462 4850000
9720000 0.002975638 4860000
9740000 0.003052561 4870000
9760000 0.0030589840000000003 4880000
9780000 0.0030248920000000004 4890000
9800000 0.003007577 4900000
9820000 0.003010001 4910000
9840000 0.0030515150000000003 4920000
9860000 0.003062078 4930000
9880000 0.003029532 4940000
9900000 0.003037591 4950000
9920000 0.0030214 4960000
9940000 0.0030667140000000003 4970000
9960000 0.003085136 4980000
9980000 0.0030456890000000003 4990000
